[[0.00000000e+00 0.00000000e+00 0.00000000e+00 ... 0.00000000e+00
  0.00000000e+00 0.00000000e+00]
 [1.36296752e-04 1.11133812e-04 4.66113309e-05 ... 0.00000000e+00
  0.00000000e+00 0.00000000e+00]
 [0.00000000e+00 0.00000000e+00 0.00000000e+00 ... 0.00000000e+00
  0.00000000e+00 0.00000000e+00]
 ...
 [4.26070989e-05 2.21870540e-05 1.48969759e-06 ... 0.00000000e+00
  0.00000000e+00 0.00000000e+00]
 [0.00000000e+00 0.00000000e+00 0.00000000e+00 ... 0.00000000e+00
  0.00000000e+00 0.00000000e+00]
 [8.70226189e-06 6.13586199e-05 4.23677062e-05 ... 0.00000000e+00
  0.00000000e+00 0.00000000e+00]]